37162.804890708,19294.088502876,25879.9083391257,17413.0045486142,31944.9599082598,41744.5282806633,320331.103339525,3213.81823228224,1404.67017398189,2431.81568225649,1030.16084617809,2057.84213017254,3351.4763155548,34118.6807320136,-105.938482083943,111.159973784067,518.750268147678,-122.011910070861,93.4805092215594,388.308444639107,3773.44632373617,1524.47133571495,3177.56513650903,4110.57933483935,1762.77491865987,2286.05215063504,3269.17609708473,24039.9852575493,260.950197991654,801.095389282527,1326.72187969688,302.194748728926,586.767163036352,1036.4651895459,8330.43628600809,1950.93559814088,3857.91706969666,4755.29321074034,2255.52134679268,2767.0537442072,3797.12245375146,27346.4533321809,1081.54409939681,2118.60243653705,2587.26212944444,1250.70667805428,1518.5993849616,2067.54872376815,14828.3533040625,1870.63767985521,3591.205323768,4297.35860511689,2163.43255618121,2570.92656978479,3440.05262407043,24446.4167413247,-876.371453842741,1511.21827198796,-873.083671842911,1391.26788648118,1557.88928712783,-2564.01863417325,4555.00655352411,-2618.4477649517,4180.79821091043,4680.41004302707,-2233.63587385483,3875.69444455509,-2242.19370599694,3568.95124636417,3998.0880519975,-2669.27192254084,4495.49260934813,-2600.12049248309,4143.32311295132,4642.96484724222,-3078.79543867966,5772.80133621066,-3301.49473082651,5289.64844227168,5909.36156390417,-2661.75257217509,4667.31558800595,-2695.89678451239,4294.98148783902,4809.52914866534
19294.088502876,10072.1742529315,13398.2697726567,9137.0198878206,16725.4293023339,21731.6177416305,165028.580312161,1546.58586311953,667.533674401058,1174.92276851265,479.572448790127,968.736978579352,1602.00427769316,16589.9324271557,-59.9840324522531,44.9569489385959,256.144977942652,-65.6437593330097,37.8039702797414,191.557358352187,1853.89255053645,839.182604010912,1689.8712680633,2126.67482127503,967.260408156681,1213.58477377069,1696.75988053078,12292.1553080338,142.367984441733,415.082462007031,676.930447974056,166.83552254338,302.352591017564,530.214507495971,4201.13855737885,1074.96259611932,2060.54976840925,2467.8829411483,1236.79268331763,1476.33111266374,1977.0189945516,14030.0841441879,595.926201848972,1132.31878046476,1343.3575703927,685.605359625095,810.886093425417,1077.02045446641,7611.72658765105,1031.08755551385,1922.69664762146,2234.28201721191,1185.65511582553,1375.58026281757,1794.43301966924,12567.7241948973,-408.371924544454,779.928837959015,-443.40699591683,714.655786896689,796.759223502611,-1189.78989418306,2350.26360034858,-1330.57941188347,2148.91798396845,2393.74699667414,-1039.420372089,2001.34169808668,-1139.06216717513,1834.06633304732,2045.42548352516,-1247.73622268734,2319.1918226028,-1319.42334857515,2126.61261856514,2373.31826531294,-1418.02977643025,2982.38240619743,-1680.67568444772,2724.51305100049,3027.38269907664,-1237.01791119401,2410.64482179632,-1370.03301027105,2208.07926628696,2461.5731079624
25879.9083391257,13398.2697726567,18049.4043611417,12059.2064096226,22148.0091230987,29031.2681864322,223973.981935051,2311.05217703422,1017.08476075142,1744.79101775408,753.377543927099,1496.78670366297,2419.09645061636,24393.3921456639,-69.1954974572512,87.4875157179585,369.522830462204,-82.057821120047,73.3778036478878,277.285451405271,2687.37212162762,1029.930442528,2186.50681845758,2866.58007216637,1191.63577641986,1574.91690285487,2276.89099219914,16859.2891517654,178.133024203495,559.751811309493,931.225775507852,204.609787708578,411.185029634699,727.169888789415,5873.91344241241,1316.57123710077,2647.7759361779,3311.3247933399,1524.48242810747,1900.66747989688,2640.31001464021,19152.4466975879,729.789821764982,1453.43664541567,1801.23602028205,845.390019119151,1042.60411934194,1437.29556763189,10383.245020187,1261.71148890769,2461.10714627249,2989.88127724115,1462.22577505064,1762.96885196627,2389.73033419333,17107.9064853839,-641.56891097784,1054.79757029774,-615.058613344287,975.175077568179,1092.56050733598,-1880.9440568295,3179.64679073788,-1844.06472010868,2929.45100646192,3282.63923414029,-1636.11196882957,2704.34864841386,-1579.31252479086,2501.00947610254,2803.4293727792,-1951.16576577111,3138.38325755371,-1832.46100541168,2905.37221858608,3256.87808544427,-2266.48119215081,4027.26315634743,-2323.0090363306,3702.47716781299,4141.48025482417,-1950.89544005479,3256.36552158773,-1898.54401702205,3009.15340472713,3371.74805689918
17413.0045486142,9137.0198878206,12059.2064096226,8335.48836495539,15223.4929083868,19660.6715120597,147828.700057113,1238.88333784193,521.536803625114,949.687802954249,360.087776386627,742.04607796709,1268.35261254236,13583.5933738194,-62.3660286678146,23.2536936189181,211.160807615469,-66.1101158253811,20.7018096244617,156.919914317459,1544.21595988159,796.782294776983,1556.83476465259,1899.43962284135,918.801916174554,1116.41942092648,1517.52267247585,10891.432422526,130.991464129705,368.347627311098,590.961093760224,155.57474053948,267.252824623016,463.050327442097,3646.24579944104,1024.02553810708,1909.70527125952,2215.22074024895,1177.16593479379,1366.94457526637,1777.19747565049,12492.9512742665,567.937287002614,1050.46431592432,1206.85827135876,652.681860003383,751.621532795927,969.013778388932,6783.65978808372,983.874817170274,1787.97515974077,2011.62708167198,1129.56451178767,1278.35976538706,1618.04566224165,11225.320816695,-321.119330538657,695.545017897948,-393.234292197864,635.356432505775,706.520687186871,-930.208228265623,2096.30561183424,-1180.86725263771,1911.90287318395,2123.2745622783,-816.022612265748,1786.07173055887,-1010.5936324388,1631.57616037856,1814.78195182445,-985.352815656178,2066.70814283407,-1168.92244419324,1888.67716849886,2102.7588277975,-1096.78381938482,2665.12704539884,-1494.79070835937,2429.92134482082,2691.08565350316,-969.294648180439,2152.09551507562,-1216.02415652099,1965.22726355815,2185.02566672188
31944.9599082598,16725.4293023339,22148.0091230987,15223.4929083868,27830.595421383,36028.7783869674,272047.367572254,2403.77504097096,1021.35904419061,1836.59801443964,716.96556811304,1465.28000736121,2471.4324894882,26143.8073291008,-110.132919626869,53.5622420614815,402.97736013581,-118.403621677383,46.6711767480849,299.432075832528,2946.44510254635,1428.81005912007,2829.02931245646,3499.74289460462,1649.99773922267,2029.44469686335,2792.90875239673,20150.6464923664,236.203986645132,678.089960984711,1099.61412534847,279.6213585327,492.803693726728,860.443112278573,6815.18565482624,1835.25901168834,3463.18264187617,4072.86586097074,2113.79146870341,2479.1979993142,3264.16902916314,23057.6851143556,1017.82642901305,1904.37106566665,2218.10204950242,1172.06789295301,1362.69898121024,1779.17255896903,12514.8528950391,1762.86522066678,3238.76432312131,3693.78149737037,2028.3692048214,2315.57479498209,2968.23643577505,20686.6829754222,-626.385588796922,1283.12448778651,-726.978972541255,1171.36819289021,1306.59609640855,-1818.61103569205,3867.08914230875,-2182.46463140445,3523.81951412618,3925.89167573199,-1593.02843960874,3293.97745809583,-1867.99868244444,3007.29537370396,3355.40391541523,-1918.67461231418,3813.72740637986,-2161.90488029159,3483.45789992868,3890.21229769637,-2154.01099277225,4912.48025562887,-2760.21686969807,4474.10169139483,4970.7482104054,-1893.78103806998,3968.45394199701,-2247.33372244832,3621.56972275263,4039.1045633228
41744.5282806633,21731.6177416305,29031.2681864322,19660.6715120597,36028.7783869674,46956.4274336106,358490.028072491,3472.54990615576,1512.03704635346,2630.32421732431,1100.41954540223,2207.45809755602,3613.59866775456,36975.1779969422,-121.427861834904,115.043250183542,569.262161509577,-135.938849578345,96.0953131253389,427.113375147204,4112.53429285093,1765.47951929288,3615.41638196149,4610.29677915181,2035.62156605956,2599.29170451822,3674.29702021699,26790.2801994815,303.200909799919,902.652919775231,1478.31043294592,352.819695965037,659.295104881648,1157.70073778649,9211.99314382212,2258.54342955736,4396.65684806361,5341.23255923375,2601.49356372728,3152.57294629301,4273.49040930511,30532.9455303393,1251.87168631371,2415.00627301807,2906.69253660707,1442.09304181334,1730.71021066902,2327.39425009187,16561.3936167544,2164.95615343573,4096.30261691944,4830.98778084388,2493.38508943596,2932.41203914206,3874.66149748581,27326.6319976299,-934.675607900776,1692.24235624353,-970.821695465249,1557.34383687559,1736.45506679827,-2730.15034288191,5099.79899726121,-2912.32110526723,4681.17366257207,5217.17562540071,-2380.64659784011,4341.05240192335,-2493.51793828169,3995.74497162139,4456.95766142547,-2850.51772095063,5033.21793516937,-2890.11839655119,4636.26705462249,5173.6955138733,-3268.24336942595,6467.05853228486,-3675.05577643138,5928.45763088161,6592.95617124732,-2835.38885253415,5228.21820455902,-2998.56387229355,4809.51822139357,5362.65174189573
320331.103339525,165028.580312161,223973.981935051,147828.700057113,272047.367572254,358490.028072491,2791268.93093391,30399.3965309099,13520.9722851954,22868.5415931578,10172.2959374396,20045.0889300331,31999.1195072751,317920.619008828,-763.214889439498,1298.33620258995,4778.64920578183,-956.073762860545,1084.44975276135,3595.75931259656,34760.4746600343,12059.9172745828,26497.2664661365,35605.6014184964,13986.0007700592,19120.7796068042,28214.8719380175,211416.572218326,2122.11193698156,6967.62111593171,11712.899732631,2406.85251759296,5141.89119540885,9134.67123753257,74479.6117393313,15387.139811144,31938.1087267694,41011.5879520008,17888.5035051157,22954.4251710792,32618.3425997339,239509.241738715,8527.87974668809,17518.5763770483,22298.8045772134,9921.2932854853,12580.5876425557,17747.6386109544,129790.65405244,14733.0479001994,29608.0820803144,36967.2528847599,17158.6186124422,21227.069746078,29468.8036562028,213583.934870611,-8630.58002553534,13126.5941137593,-7763.87110711166,12202.521739581,13698.6690713584,-25377.6529581232,39575.0918657555,-23265.8898112978,36635.7831703741,41158.7652760265,-22028.6287264376,33637.6167476691,-19930.4916343074,31283.3497332879,35139.3242926405,-26190.2470270071,39071.005037499,-23147.495534983,36381.4600865089,40853.3577580232,-30735.0720756109,50066.8645058718,-29263.4111710878,46218.1986197066,51854.3451158039,-26290.6678310886,40495.4479295701,-23951.8251818698,37625.658005344,42248.1918631369
3213.81823228224,1546.58586311953,2311.05217703422,1238.88333784193,2403.77504097096,3472.54990615576,30399.3965309099,2845.50175942322,1411.53282983333,2015.91272091779,1236.58509971245,2315.10670929727,3101.02688031216,25751.9412258594,116.837962904649,252.976383520536,397.570366918702,162.222535413483,173.359907955952,299.042726800043,2411.0800522956,88.1114465100868,372.351289769228,748.303639738324,183.152286597242,248.360960038409,586.946192295166,4376.63084384117,110.457012042594,279.865594089076,476.272535950059,166.981656983889,190.265159894878,363.690710806036,2851.63190200145,35.4218453090545,301.243587542051,675.219467210772,124.374175985893,198.027257450885,537.647221283337,3895.59681676301,11.7511747671105,149.438590243269,346.087035275578,57.8791776841707,97.7550440229081,276.808101559059,1988.06376739752,-6.88487883982469,196.815368564168,499.175383652564,61.5099691357149,126.900271885632,403.657074202887,2837.3370548291,-293.951841393466,290.218274382909,-142.992509493603,203.244990122959,261.982494280005,-864.148506555827,838.191585538241,-417.638358657544,591.79549015945,748.790509563122,-750.847592775159,742.531462034051,-365.370593014306,518.497404198644,668.110903621638,-890.465580721694,888.174909395261,-435.528095922616,620.17221403519,806.100039442812,-1054.20732225264,996.713774378488,-501.950470593403,709.210553998237,881.065040996053,-898.160812631847,883.711721892107,-435.365438616852,617.545219438318,794.73650618892
1404.67017398189,667.533674401058,1017.08476075142,521.536803625114,1021.35904419061,1512.03704635346,13520.9722851954,1411.53282983333,725.839923876002,981.370598652679,658.567912680903,1215.43813430109,1564.16209048994,12159.6576252291,89.3204707671456,160.782240005566,201.398626844516,118.96376244863,109.797824348228,155.216507071562,1135.36665041778,65.188929181054,203.953844611808,356.588094330964,114.804538632679,136.617796118067,283.722903392082,2011.77187927524,84.0106619789185,170.620125673596,236.330871479866,118.118459390459,115.930924989015,184.150522205967,1332.54496292535,24.3484746271682,150.957826891058,314.173271878162,67.0519515690506,99.7934378512039,253.13150637652,1773.13824663193,7.38494485481385,72.5052377317456,159.872267788792,28.9951339832526,47.6879240140002,129.310085839232,902.10870324376,-7.99069561765492,86.7217984683277,226.505064852694,22.1118519540681,56.0925956746695,184.995102670746,1277.98257036944,-123.241003170858,137.188219381029,-68.7506360071872,98.2400639765623,119.754553178784,-369.935804250124,393.786249001146,-200.325310915938,285.096637771739,341.175214426358,-314.373412181743,351.512577983822,-175.690924358559,250.96844192181,305.612060055365,-369.353728703506,420.822324884067,-209.598152631641,300.089872412911,368.816205269635,-460.216945071722,466.229629680111,-240.247450788695,341.190939304306,401.135052457847,-377.484876474814,417.920855957259,-209.265924352313,298.826510865861,363.556402586774
2431.81568225649,1174.92276851265,1744.79101775408,949.687802954249,1836.59801443964,2630.32421732431,22868.5415931578,2015.91272091779,981.370598652679,1442.06171643909,843.432976396654,1591.20804362182,2178.66947542546,18698.2158944106,60.3011513793618,153.961746600637,277.977648470369,86.3736436669226,106.130974574499,206.285275362431,1753.31525740519,46.1653647042519,249.596174191799,541.436823239034,110.452355799092,166.482030704892,421.484158512798,3230.09000487514,57.1232833154019,175.423717967817,337.021541800985,91.7829221247365,119.671394427787,254.555333415302,2083.77974904552,19.1693563928531,211.805727021251,494.701933287242,82.2399877187916,139.121378304985,391.439575577732,2891.86824549382,6.62515750289617,106.752684865731,254.503398321819,39.7478278675917,69.7817399854167,202.339041762483,1478.50627796239,-2.59863610004264,146.763701651089,370.393862075041,48.0209054805162,94.6469290065694,297.894849842224,2119.27682991735,-226.224548887677,210.452864137611,-103.38071129454,146.7229757048,193.941952784637,-659.809801115728,609.845384517486,-302.281356107604,427.894640138693,555.345603693284,-578.208113145839,538.022485769351,-264.135723776106,374.03791413823,494.462657879461,-687.987604418611,643.253003392218,-314.743559623002,447.488221060775,596.399525572384,-798.900981086091,726.927252522332,-363.661460845353,513.082235062477,653.882627758434,-690.658207001629,640.675200085645,-314.792318850097,445.541793713582,588.154524390092
1030.16084617809,479.572448790127,753.377543927099,360.087776386627,716.96556811304,1100.41954540223,10172.2959374396,1236.58509971245,658.567912680903,843.432976396654,619.01895587645,1126.36061450796,1393.04526754552,10108.4144439367,108.667627066816,173.744805482796,177.699327697286,140.291650128208,118.796687662505,139.083317262441,940.330801481466,77.9080616151747,194.861319520425,293.73822616357,123.669279586772,131.029049491106,235.99030322915,1602.32784325286,101.931387969801,178.717896055509,203.941617986259,136.704313377927,121.719358820034,160.995447496022,1090.01327007266,27.8575428917365,131.494608728334,251.297788050813,64.5536517183305,87.1727949729315,204.207082736416,1389.11201957456,7.94748150131388,60.794769427571,126.702290720718,26.0976848526116,40.0498648049299,103.33838658304,703.053370496149,-11.4890371535041,63.7452663434365,175.358098436756,12.23655021767,40.9847133020694,144.387360820511,983.280515501275,-83.8801696101833,111.694351480206,-56.7709173843577,80.6928931559847,94.5559153846178,-260.82043669146,318.461361966084,-164.907687412588,233.136334310669,268.005096953381,-213.593952052628,286.781268608206,-145.122201781062,206.562398156716,241.683358328848,-246.662348587823,343.417716840011,-173.275703036766,246.832005791967,291.640429792856,-334.66521834598,375.436207956546,-197.229230747474,278.493894086694,314.525510448155,-258.141564657431,340.639929089809,-172.767587479941,245.857774176907,287.474805007476
2057.84213017254,968.736978579352,1496.78670366297,742.04607796709,1465.28000736121,2207.45809755602,20045.0889300331,2315.10670929727,1215.43813430109,1591.20804362182,1126.36061450796,2061.74443761062,2589.70932073425,19334.920035152,179.736135850583,299.506222358869,332.380342155868,235.781333769604,204.246223816457,258.519646930055,1800.88877827363,130.856158164151,352.625053087753,562.980318829953,216.540452120439,236.176324254475,450.701533870059,3103.53310962452,169.019917144566,311.78259790112,384.417777734007,231.676013117188,211.683184129074,301.888122383051,2094.7885718567,48.5623794014552,247.381843755947,486.862238220821,119.263521017233,163.378555299387,394.521146423579,2703.79846913962,14.5458511916423,116.280354074236,246.310200236924,49.8477155252286,76.3449345905369,200.363500853722,1370.55507806334,-16.6126123227763,129.484573788748,343.895284613926,30.7976276653482,83.2434215753844,282.512005163329,1924.17075634135,-173.130464631224,215.605996334983,-108.204128598975,153.816206774695,183.675129799413,-529.416866216416,616.175600237838,-314.722711286514,445.240469487284,521.422496825129,-441.162088697138,553.170525071667,-276.572966208859,393.4369547526,469.133211722654,-513.834113101349,662.368273328025,-330.089317336597,470.209264723849,566.291162651859,-669.473712963239,727.418536785819,-376.868149835243,532.33904384958,612.112461718086,-531.535243145043,657.26722668262,-329.334855109617,468.369254659164,558.052034986449
3351.4763155548,1602.00427769316,2419.09645061636,1268.35261254236,2471.4324894882,3613.59866775456,31999.1195072751,3101.02688031216,1564.16209048994,2178.66947542546,1393.04526754552,2589.70932073425,3406.61014927358,27456.8280433528,158.905913121981,311.650639056579,436.907408521883,214.158181272952,213.696632224741,332.500513380658,2568.46224715563,116.12485584269,425.19961026733,803.44820358273,220.027003344017,284.940319184102,634.110355619255,4639.02015598187,149.449051937662,337.341871223137,519.271194682124,215.601891317034,229.84228740942,400.309551998995,3033.31301285646,43.5418746542136,329.606803338388,718.58908715906,137.250563306356,217.827625502068,574.865434885094,4120.5964361429,13.3428475526122,161.084693762428,367.346351009456,61.4322651757388,105.926204801215,295.075535590124,2101.53128359828,-13.8694137589625,203.169921548869,526.404412264163,55.5973971546904,131.550618230025,427.134958655288,2994.77551517774,-301.365884520552,309.969498680842,-154.999180180023,221.255153544474,277.25383917929,-894.029971921271,893.216032815965,-452.229831332398,643.286876779254,791.815364119818,-769.436618629824,793.46044642197,-396.059134182278,564.750306849917,707.27338199936,-908.637906248396,949.447465269177,-472.306372750384,675.478560430946,853.224322030597,-1100.31623678403,1060.51164340457,-542.980625598514,770.376371591629,931.841563981073,-921.905533806163,943.95943431048,-471.844868535994,672.537237179325,841.348170520118
34118.6807320136,16589.9324271557,24393.3921456639,13583.5933738194,26143.8073291008,36975.1779969422,317920.619008828,25751.9412258594,12159.6576252291,18698.2158944106,10108.4144439367,19334.920035152,27456.8280433528,247965.168176838,306.800939497762,1448.99376697476,3488.00715067768,527.67434921956,1009.25605616529,2534.51166844043,23301.67410955,263.362907922454,2906.91212598733,7151.77910880117,1036.13794367184,1934.77193106203,5509.76304905158,43798.0314868404,295.898160545702,1774.69698268087,4307.60281644135,641.0134294026,1215.76354949644,3200.79609194438,27877.9826663936,133.718085076126,2684.39970052825,6651.13899353266,949.930513568283,1758.68268470581,5219.76794976341,39515.8673182305,55.6294746241909,1388.21923778404,3439.35802493965,492.216323406962,905.525149830056,2713.38548094881,20251.0499236615,24.1545942872249,2036.02482568259,5067.32797224198,719.777831893809,1312.97142402154,4048.13091740925,29191.8449148165,-3247.05933492314,2793.29084296682,-1362.60318378075,1928.90909287733,2640.65560819476,-9368.1273040733,8131.50461604335,-3991.12885626606,5639.29939587893,7579.93487058874,-8305.21323803139,7132.98677694012,-3481.04352847064,4912.0357065839,6729.38815498867,-9927.81248883016,8522.97590490298,-4145.65519170863,5878.3462751283,8114.35394872794,-11223.655418926,9723.7613102121,-4808.97621867249,6768.53268588444,8932.07866845663,-9901.1973600767,8500.34618769598,-4149.81796727773,5852.22631615901,8004.2544095471
-105.938482083943,-59.9840324522531,-69.1954974572512,-62.3660286678146,-110.132919626869,-121.427861834904,-763.214889439498,116.837962904649,89.3204707671456,60.3011513793618,108.667627066816,179.736135850583,158.905913121981,306.800939497762,47.1405181054925,55.7259281933619,18.4182100084465,56.1634229565735,38.3621558864888,16.9384231379109,24.6744308834458,36.1275007506414,41.9036817654864,9.67356114439128,42.0620567211814,29.0506961087055,10.9057292379305,-21.8801269744451,44.777335420881,52.7757719130569,16.6110688704116,53.0960577019032,36.3860079811511,15.7028706510766,15.1668158248644,14.9363936110091,16.6478875904077,0.268391020155777,16.6037550599612,11.7069277846976,2.74752850628683,-43.199649092506,4.96153570390136,5.30605581295336,-1.17471673482795,5.26832206357951,3.78561964246809,0.309522578268561,-25.8765607475873,-2.39764625844765,-3.7834267817884,-6.23290380749142,-3.95976632475047,-2.3762799108334,-3.35974962185104,-49.762273707075,21.2532017389154,1.3829674799954,-0.655082297631765,1.95284042769744,-2.26876980048908,52.1201398658782,1.43793245821286,-1.29989822084159,4.45791541207413,-8.05905501999735,54.7748876091438,4.2801303505781,-1.73007117040627,5.51213126181942,-5.3047098651971,69.7468038838797,5.09856216054188,-2.19063035223663,6.28939001195869,-6.58154060714108,51.7663098118586,0.147071393452355,-1.04055971125535,5.05475039714431,-9.7740973320852,63.6249392246267,4.76646824499925,-1.9789743950726,6.50632480309448,-6.28579998789047
111.159973784067,44.9569489385959,87.4875157179585,23.2536936189181,53.5622420614815,115.043250183542,1298.33620258995,252.976383520536,160.782240005566,153.961746600637,173.744805482796,299.506222358869,311.650639056579,1448.99376697476,55.7259281933619,72.924322304028,39.1274321185639,68.5934922269032,50.0016643650066,33.7119760357631,132.868371383926,43.9801659745729,68.8382173165383,52.2852105321891,55.8835946512281,47.561322918459,45.5117044707177,218.654424417912,53.2081601248196,72.1733575486232,42.2502046848583,65.8434545355407,49.5794719920822,36.4881369978485,153.181689669674,19.2391121763307,39.1255232806622,39.9229076370945,25.8707833735421,27.2667417015095,34.9814370552003,186.099888105912,6.75290008262258,16.554884683679,19.3205155311263,9.5439932283279,11.5900291036478,16.9750164154375,93.4060647605574,-1.3207550420044,11.4548780764353,23.9805268526386,0.474127773127989,8.26301483292863,21.2243360146235,128.909775853148,6.65859323563314,18.0664404129695,-11.2343125544782,16.3940889537778,12.4323959996354,8.22120650087862,49.6065428913705,-32.2874359413745,46.6694722704922,34.5567668854674,17.5232421261708,47.0395809367906,-28.7955156846821,42.4552432352981,32.2441307138603,26.0983263886978,56.0916961125471,-34.3271170294328,50.1968884248413,38.2792400200136,-3.04311723414058,57.6897038128869,-38.5068170491152,56.0863692390871,41.4139497756335,18.8900866688207,55.6499383929218,-34.2604298710212,50.5716125124422,38.5120523236112
518.750268147678,256.144977942652,369.522830462204,211.160807615469,402.97736013581,569.262161509577,4778.64920578183,397.570366918702,201.398626844516,277.977648470369,177.699327697286,332.380342155868,436.907408521883,3488.00715067768,18.4182100084465,39.1274321185639,59.9046591946083,27.8436737304329,25.8658578106277,46.9870593185791,327.689398499205,20.1519905031302,65.0944262356896,116.252538599943,35.9509371147486,43.3381858957062,94.0087008122902,635.726064607294,18.822663350431,44.9752196839,72.5563101810431,29.6667279276244,29.8058370252487,57.5436143888855,396.908968421172,13.3222530577117,55.8654699202541,106.062478076433,26.9322235732161,37.3076376960746,86.6845766094042,579.920283993642,6.10589721965756,28.2053763854235,54.5066355584334,12.9941302768604,18.8516454798808,44.6899527716011,297.910897010543,6.17449968932033,39.1296759725967,79.2291717180824,15.775247804512,26.2150360729086,65.4571133986313,432.856163331478,-39.9504012833025,45.3608700243062,-22.1682822942412,32.9406167454585,38.2898167179564,-117.570795670737,130.5798462695,-64.9360114306259,96.2935650792879,109.851564318846,-101.783788350628,116.158377482997,-56.6601324823762,84.0811621002152,97.5508170087746,-121.068562425678,138.891882072458,-67.3559616669903,100.200075728527,117.491643497267,-143.46165144792,155.251976511517,-78.4884141271255,116.306752437875,130.338471952994,-121.797559305399,138.180158129149,-67.587958721981,100.292488527771,116.267889317102
-122.011910070861,-65.6437593330097,-82.057821120047,-66.1101158253811,-118.403621677383,-135.938849578345,-956.073762860545,162.222535413483,118.96376244863,86.3736436669226,140.291650128208,235.781333769604,214.158181272952,527.67434921956,56.1634229565735,68.5934922269032,27.8436737304329,70.9102943503557,46.0713752760462,25.4439342047659,44.0168135815311,45.1116221021675,56.2470218632807,18.3179216092322,57.9217718929971,37.7237362019021,19.5195691362835,-14.1172809372421,53.8096000430775,65.9966487450082,25.8788917838031,68.0994868158603,44.3315466795353,24.2405829023292,32.1215576818728,20.3531579218178,26.2685291119618,5.01017063830274,26.9272871468993,17.5647550176571,8.03730415005761,-45.9250416756054,7.31183050760536,9.71149677491598,0.775189263984272,9.94139744705322,6.47213265744245,2.63357747700437,-28.8814730050332,-0.464197777688426,0.774419850835045,-5.07520655448791,0.619260477485542,0.435216837423641,-1.34845492762937,-59.3775236182206,26.1526635331679,5.73584773616667,-3.0628377589074,3.99497665052653,-2.13813752817125,65.2783850633126,12.741952448603,-8.2835343549175,10.2852279640667,-8.34254689973053,67.5031109577276,15.7587497240863,-7.92712368300255,10.9201223958848,-4.91987179643872,85.1558638283939,18.8808753936173,-9.50753337705412,12.4720596253595,-5.98001756836412,66.6150596611178,12.5093050139389,-9.46711476398105,12.2383151970157,-10.3627407994441,78.6049417076612,18.2010064035292,-9.36770430105926,12.9747553441962,-5.75811364425166
93.4805092215594,37.8039702797414,73.3778036478878,20.7018096244617,46.6711767480849,96.0953131253389,1084.44975276135,173.359907955952,109.797824348228,106.130974574499,118.796687662505,204.246223816457,213.696632224741,1009.25605616529,38.3621558864888,50.0016643650066,25.8658578106277,46.0713752760462,34.6816608023543,22.1207528878507,92.9612698671116,29.5681379847544,46.7284261950934,36.2508979674423,36.3735121718974,32.7242018020247,31.045375753639,164.076953573213,36.4714319589909,49.3843199019208,28.3175825613791,43.9700087416031,34.3297340903224,24.2168676910841,109.640340284456,12.368598634743,26.2429940165566,28.473375166372,15.9374919079527,18.5856263056547,24.4106445385849,143.944857424218,4.16894708470171,11.0334249765593,13.9256851612002,5.61772598058661,7.86271721375299,11.9448057842024,72.9905531999858,-1.72851685872256,7.31175711352792,17.8243468105346,-1.03520750398038,5.43042775461565,15.3044206160882,103.254556585108,3.1574880412658,12.1476937613085,-7.97274167131205,11.7824144898836,9.46558561182323,1.21835213260887,33.6358739434851,-22.9212601034158,33.5639472386557,26.5919834885276,8.36371068401889,31.5904007907895,-20.430517420607,30.4842291763992,24.5494733228891,13.8112104570749,37.5944076045059,-24.3629537015411,36.0859144711821,29.0490817905523,-7.85669154132711,39.4566250268064,-27.3322874912496,40.3000358794795,32.0027674222814,8.54663656731058,37.4331621598896,-24.3062681276666,36.3055557646128,29.2995321601119
388.308444639107,191.557358352187,277.285451405271,156.919914317459,299.432075832528,427.113375147204,3595.75931259656,299.042726800043,155.216507071562,206.285275362431,139.083317262441,258.519646930055,332.500513380658,2534.51166844043,16.9384231379109,33.7119760357631,46.9870593185791,25.4439342047659,22.1207528878507,37.9627843992863,238.163351823514,17.6240959541408,52.9546541959746,89.1618370714081,29.8789650138209,35.3774933954031,73.480394697235,469.911097271961,17.1096526562563,38.0527320066862,56.466253392761,26.4424012496774,25.1168943675883,45.9407804905488,290.355589753685,11.1257364537276,44.2592087924285,80.6853296127657,20.9343823828176,29.8179192632805,66.9758444387698,431.145178916073,4.98980761130877,22.156502505238,41.3639268882788,9.83828914686662,14.9653866249396,34.4126583323631,221.82570103867,4.60981268199316,30.0493191813979,59.7676411215622,10.93495095556,20.4438541105178,49.988671259559,323.626992042413,-29.1143524717846,34.7694605797068,-17.4537837586059,26.4335898873617,28.3351448367956,-86.3826170557127,99.7017555686383,-51.0977379998769,77.2201571213432,81.3601113951945,-74.0662061161603,89.0575587880715,-44.6024756654343,67.4787029043354,72.1351893185164,-87.8746120810094,106.642821734264,-53.0479547901752,80.4279031223377,86.902311918575,-106.295417464539,118.153186697171,-61.7262728795548,93.2562359322634,96.751443989201,-88.7750821673402,105.847407443795,-53.1996232198569,80.4873662761464,86.023105163957
3773.44632373617,1853.89255053645,2687.37212162762,1544.21595988159,2946.44510254635,4112.53429285093,34760.4746600343,2411.0800522956,1135.36665041778,1753.31525740519,940.330801481466,1800.88877827363,2568.46224715563,23301.67410955,24.6744308834458,132.868371383926,327.689398499205,44.0168135815311,92.9612698671116,238.163351823514,2199.7796108692,47.1489903646019,317.773279104145,725.538245974294,121.368598366681,214.490600074872,560.342093193708,4433.98921431257,29.6236210490826,174.251975603541,416.761165988583,61.3216452453496,120.140687199082,310.360724135138,2699.14523553683,42.868487064424,309.468250042838,691.172896173598,122.435085133883,206.841547152164,543.15132091409,4100.39981558222,22.1977647979094,162.202247373084,359.685271886261,64.8988638881053,108.131749958865,284.004016107314,2115.82509659564,32.1962303053981,246.289253621144,538.489558452168,100.751161402245,163.145588857687,429.956288192757,3104.23345666081,-315.155482540788,281.85204455722,-140.224842896712,200.937292092067,269.303261769831,-909.884437174079,823.390131253155,-411.814405384019,589.452544900309,776.820425143662,-806.022412224839,719.946269463977,-358.425526666998,512.095623334714,686.737909637503,-963.355457161438,857.955485382481,-425.657919167855,610.707760291603,824.99433124465,-1090.38256819916,990.281839892923,-498.71942183835,712.055687861144,922.211416944187,-960.909015069657,858.808405633265,-427.679539551855,610.835206398524,817.753038339513
1524.47133571495,839.182604010912,1029.930442528,796.782294776983,1428.81005912007,1765.47951929288,12059.9172745828,88.1114465100868,65.188929181054,46.1653647042519,77.9080616151747,130.856158164151,116.12485584269,263.362907922454,36.1275007506414,43.9801659745729,20.1519905031302,45.1116221021675,29.5681379847544,17.6240959541408,47.1489903646019,150.637950955987,216.42489483507,172.48877410739,167.849349561973,153.394353346774,144.39644144248,808.46852638709,62.0278832191832,82.9689163075131,54.6043927106695,72.8546532063442,57.5690524282399,46.2837882254772,219.487077622311,163.372840505951,239.71036316712,200.40246350868,178.998603345476,170.903077134049,167.298363905876,968.910873964492,87.3317327538638,128.794885669722,108.812586764129,95.3345752150598,91.9420828232254,90.7951891768457,529.397013153149,140.75171439199,209.733474571892,181.110488076732,152.354681284582,150.140423749383,150.936611278359,892.856197060736,32.9939612786812,58.047744117524,-26.3932704948014,51.8956063574592,52.1273739981691,90.9720234419169,172.723384959879,-79.3669922757068,156.091675286217,156.22573390173,86.0670725875806,150.734226813535,-68.2001813564179,134.512868735942,135.175840152978,101.842168256928,172.148276185115,-77.6301162024308,153.130900449837,153.791190921491,108.78912777819,222.661628399266,-102.813369212851,203.151171195242,203.894024862474,102.534766797308,181.975399257333,-82.439361107337,162.760034562799,163.827850770913
3177.56513650903,1689.8712680633,2186.50681845758,1556.83476465259,2829.02931245646,3615.41638196149,26497.2664661365,372.351289769228,203.953844611808,249.596174191799,194.861319520425,352.625053087753,425.19961026733,2906.91212598733,41.9036817654864,68.8382173165383,65.0944262356896,56.2470218632807,46.7284261950934,52.9546541959746,317.773279104145,216.42489483507,371.274095082352,377.018350074666,254.422679210728,263.17407186999,308.013023790666,1994.78906777238,81.3200026036909,137.083324098446,135.445984734866,100.971012505312,95.5762052233985,110.472525804118,696.094528137834,241.048315543999,415.484613790421,424.978576129993,279.000427866967,295.807931308757,347.342655696797,2265.26038248195,129.719124643372,224.015383244431,229.648494498611,149.684859934311,159.637418825386,187.717303291957,1226.22260183704,211.781769179043,366.573178660936,377.047484207614,242.586688766233,261.758648737844,308.261695291466,2020.13040393154,-15.3465405967383,136.053563915379,-75.879073220846,123.373245541638,127.948760143461,-51.4804996534522,404.929585140006,-226.961241568198,369.500075382279,381.980509324487,-37.1963053748143,350.916708366991,-195.211168288295,317.867066701804,329.606128797478,-44.7055153903932,405.838749153069,-225.672871326041,366.907138884435,380.904618323756,-64.131468009816,512.476712776577,-287.14532985305,470.461688760261,485.895083936362,-44.6612244369381,422.219239005317,-234.855151511619,382.945889631772,397.297090573508
4110.57933483935,2126.67482127503,2866.58007216637,1899.43962284135,3499.74289460462,4610.29677915181,35605.6014184964,748.303639738324,356.588094330964,541.436823239034,293.73822616357,562.980318829953,803.44820358273,7151.77910880117,9.67356114439128,52.2852105321891,116.252538599943,18.3179216092322,36.2508979674423,89.1618370714081,725.538245974294,172.48877410739,377.018350074666,524.214871760968,210.967222637119,267.000652838898,420.032809983693,2984.49175491504,46.3244103244318,125.352690441224,207.993009039373,61.6720808361722,88.1733969410485,163.576392780062,1233.39597659176,207.119555762464,433.16764606667,574.958693891481,249.24613499171,307.253976499596,463.194247665151,3233.43079025165,113.421549337067,235.245362617,309.263119727434,136.104526971621,166.911838829029,249.44983763142,1734.48238625043,191.373385096692,389.538550615198,501.138074308493,228.154082759299,276.571246031426,405.27402497688,2793.62091489108,-126.323053880559,195.013611938382,-103.974741148565,167.662445628354,190.060992836349,-369.713806815609,581.009980554521,-310.228743975784,501.106577276275,565.083779745795,-321.782401363122,499.893616050598,-266.697637887972,429.530122059593,486.809365132796,-384.483268953743,584.564305886331,-311.057186568486,501.571805365435,570.34329824398,-445.651531098753,725.052850971545,-387.639587553921,628.350557624953,704.164359059385,-383.925831521313,600.124461070433,-320.113743599901,516.011640631771,584.482038724209
1762.77491865987,967.260408156681,1191.63577641986,918.801916174554,1649.99773922267,2035.62156605956,13986.0007700592,183.152286597242,114.804538632679,110.452355799092,123.669279586772,216.540452120439,220.027003344017,1036.13794367184,42.0620567211814,55.8835946512281,35.9509371147486,57.9217718929971,36.3735121718974,29.8789650138209,121.368598366681,167.849349561973,254.422679210728,210.967222637119,201.483879976059,177.659599375203,174.827516247105,1005.6236346442,70.512652853778,100.755937581045,75.5056509281304,90.3524217857863,68.3156575841457,62.6235139177845,321.450699474959,180.899406813943,279.17475728151,238.018622402746,212.508202361598,196.601940114983,197.20009253255,1165.84002794843,96.5570529168985,149.713630477066,128.461672688767,112.918593741073,105.622524764188,106.442160110236,632.746097844979,155.148405657116,242.730456882538,211.043524238634,179.443473869256,171.94514169714,174.854732029507,1052.2509616234,33.1825723425257,75.752022857509,-38.5009288325131,63.0410352942209,64.2067504158544,91.6801888472156,223.825822401244,-115.477007253885,189.297657401988,191.070273420221,86.720536390622,196.739947579364,-99.386126136382,163.476922896153,166.378390674407,102.093869903546,225.665988052991,-113.743948155178,186.186839173557,190.186812188301,110.713187360176,284.900725420509,-148.111516714976,245.193723487714,246.876837180408,103.415034642511,236.877230437574,-119.889145154316,197.592060172451,201.361729943606
2286.05215063504,1213.58477377069,1574.91690285487,1116.41942092648,2029.44469686335,2599.29170451822,19120.7796068042,248.360960038409,136.617796118067,166.482030704892,131.029049491106,236.176324254475,284.940319184102,1934.77193106203,29.0506961087055,47.561322918459,43.3381858957062,37.7237362019021,32.7242018020247,35.3774933954031,214.490600074872,153.394353346774,263.17407186999,267.000652838898,177.659599375203,187.370356471175,217.985989359934,1424.37082774786,57.1353558810286,96.2169405395909,93.7872116948624,69.3095150223345,67.6252124398396,76.5619910280285,487.417665778069,171.254700220283,295.28788798536,302.70060004942,195.795251063537,210.947720325364,247.138732065867,1625.31781371937,92.2102771714491,159.303384378024,163.781559818256,105.158932347884,113.884885070487,133.719659092761,880.798806803989,150.711481201539,260.996944415347,269.612787803233,170.834370045358,186.876875995643,220.125278403161,1454.25621887312,-12.0223618296882,95.6043261560422,-54.1061666402586,88.6786821861642,91.5482350545024,-40.1854445990811,285.041662646676,-161.844423006346,265.59200649294,273.684485416096,-29.32455194898,246.520433169098,-139.187899869754,228.440222409991,235.860367896899,-34.9422167100119,284.935508396301,-160.921182088971,263.765574905805,272.385517282486,-50.402428970788,361.471238519099,-204.762512514334,338.09677905008,348.480668857593,-35.2309378932534,296.738376811434,-167.453663083573,275.199309563036,284.292876278011
3269.17609708473,1696.75988053078,2276.89099219914,1517.52267247585,2792.90875239673,3674.29702021699,28214.8719380175,586.946192295166,283.722903392082,421.484158512798,235.99030322915,450.701533870059,634.110355619255,5509.76304905158,10.9057292379305,45.5117044707177,94.0087008122902,19.5195691362835,31.045375753639,73.480394697235,560.342093193708,144.39644144248,308.013023790666,420.032809983693,174.827516247105,217.985989359934,339.236046910364,2350.17269712446,40.9622551957077,104.585626281521,167.33595568698,54.4713529707209,73.1187552786389,133.255609315479,962.877966719713,171.617368739225,352.121084095343,460.143504019846,203.819172376154,249.932998326136,373.167678899865,2553.03122396864,93.7748582663092,191.008082936841,247.414550067632,110.979353692706,135.654017421685,200.837362134688,1370.18522012326,157.549215402924,315.572484520447,400.667979151266,184.973653161358,224.406113037581,325.891456474615,2209.71560573387,-96.5427229667014,155.928862464004,-82.2390316311979,135.133444405241,149.721741504885,-282.955104883558,464.011408174703,-245.357558392777,403.863174163357,445.243782857684,-245.665280449098,399.75406613829,-210.929861195243,346.181199544247,383.390296282458,-293.727853144655,467.642801589592,-246.033506269993,404.276483177204,449.185353557918,-341.421907686052,578.736120331659,-306.619470185768,506.58011967949,555.468239586408,-293.178969475293,479.804967464527,-253.185073702815,415.911796958242,460.457473810662
